{"CalibrationInformation":{"Cameras":[{"Intrinsics":{"ModelParameterCount":14,"ModelParameters":[0.506472647190094,0.49245768785476685,0.49154821038246155,0.49166864156723022,1.4905796051025391,0.88900512456893921,0.04467136412858963,1.821070671081543,1.3394681215286255,0.2416425347328186,0,0,-1.9041386622120626E-5,-0.00010947845294140279],"ModelType":"CALIBRATION_LensDistortionModelBrownConrady"},"Location":"CALIBRATION_CameraLocationD0","Purpose":"CALIBRATION_CameraPurposeDepth","MetricRadius":1.7399997711181641,"Rt":{"Rotation":[1,0,0,0,1,0,0,0,1],"Translation":[0,0,0]},"SensorHeight":1024,"SensorWidth":1024,"Shutter":"CALIBRATION_ShutterTypeUndefined","ThermalAdjustmentParams":{"Params":[0,0,0,0,0,0,0,0,0,0,0,0]}},{"Intrinsics":{"ModelParameterCount":14,"ModelParameters":[0.49893853068351746,0.50972610712051392,0.48032453656196594,0.64028143882751465,0.41698282957077026,-2.2938659191131592,1.237737774848938,0.29760545492172241,-2.12851881980896,1.1753430366516113,0,0,-0.00045066431630402803,0.00098375591915100813],"ModelType":"CALIBRATION_LensDistortionModelBrownConrady"},"Location":"CALIBRATION_CameraLocationPV0","Purpose":"CALIBRATION_CameraPurposePhotoVideo","MetricRadius":0,"Rt":{"Rotation":[0.99998438358306885,0.00466336403042078,0.0030726890545338392,-0.00493477750569582,0.99544399976730347,0.095220528542995453,-0.0026146417949348688,-0.0952342078089714,0.99545145034790039],"Translation":[-0.0320536233484745,-0.0020472800824791193,0.0040728994645178318]},"SensorHeight":3072,"SensorWidth":4096,"Shutter":"CALIBRATION_ShutterTypeUndefined","ThermalAdjustmentParams":{"Params":[0,0,0,0,0,0,0,0,0,0,0,0]}}],"InertialSensors":[{"BiasTemperatureModel":[0.0021302574314177036,0,0,0,0.051807820796966553,0,0,0,0.015474804677069187,0,0,0],"BiasUncertainty":[9.9999997473787516E-5,9.9999997473787516E-5,9.9999997473787516E-5],"Id":"CALIBRATION_InertialSensorId_LSM6DSM","MixingMatrixTemperatureModel":[1.0022619962692261,0,0,0,0.0057132751680910587,0,0,0,-0.0070960735902190208,0,0,0,0.0057092774659395218,0,0,0,1.0029129981994629,0,0,0,0.00090804853243753314,0,0,0,-0.0071897422894835472,0,0,0,0.00092067901277914643,0,0,0,0.989173173904419,0,0,0],"ModelTypeMask":16,"Noise":[0.00095000001601874828,0.00095000001601874828,0.00095000001601874828,0,0,0],"Rt":{"Rotation":[-0.0026940829120576382,0.10870368778705597,-0.99407052993774414,-0.99999451637268066,-0.0021942025050520897,0.0024701973889023066,-0.0019126725383102894,0.99407178163528442,0.10870900750160217],"Translation":[0,0,0]},"SecondOrderScaling":[0,0,0,0,0,0,0,0,0],"SensorType":"CALIBRATION_InertialSensorType_Gyro","TemperatureBounds":[5,60],"TemperatureC":0},{"BiasTemperatureModel":[0.092080183327198029,0,0,0,0.058691784739494324,0,0,0,-0.10925257205963135,0,0,0],"BiasUncertainty":[0.0099999997764825821,0.0099999997764825821,0.0099999997764825821],"Id":"CALIBRATION_InertialSensorId_LSM6DSM","MixingMatrixTemperatureModel":[0.9973410964012146,0,0,0,-0.0004239950212650001,0,0,0,-0.0027066746260970831,0,0,0,-0.00042479936382733285,0,0,0,0.99544608592987061,0,0,0,0.00083150324644520879,0,0,0,-0.0026928919833153486,0,0,0,0.00082570279482752085,0,0,0,1.0024460554122925,0,0,0],"ModelTypeMask":56,"Noise":[0.010700000450015068,0.010700000450015068,0.010700000450015068,0,0,0],"Rt":{"Rotation":[-0.0040670935995876789,0.10486187785863876,-0.99447846412658691,-0.99998551607131958,-0.003928047139197588,0.0036754265893250704,-0.0035209462512284517,0.99447906017303467,0.10487633943557739],"Translation":[-0.050819650292396545,0.00394961703568697,0.00097294326405972242]},"SecondOrderScaling":[0,0,0,0,0,0,0,0,0],"SensorType":"CALIBRATION_InertialSensorType_Accelerometer","TemperatureBounds":[5,60],"TemperatureC":0}],"Metadata":{"SerialId":"000910404612","FactoryCalDate":"11/16/2020 7:26:17 PM GMT","Version":{"Major":1,"Minor":2},"DeviceName":"AzureKinect-PV","Notes":"PV0_max_radius_invalid"}}}